HashSize, fillTime, checkTime, loadFactor, resizeCount
25000, 8912, 2355, 0.5744646875, 8
50000, 8991, 2558, 0.5744646875, 7
75000, 7910, 2304, 0.6409529166666666, 6
100000, 8943, 2802, 0.5744646875, 6
125000, 7664, 2293, 0.6941435, 5
150000, 8037, 2279, 0.6409529166666666, 5
175000, 8809, 2274, 0.6029596428571429, 5
200000, 10103, 2451, 0.5744646875, 5
225000, 7965, 3168, 0.7296038888888889, 4
250000, 8010, 3117, 0.6941435, 4
275000, 7672, 2276, 0.6651304545454545, 4
300000, 8660, 2526, 0.6409529166666666, 4
325000, 13539, 4257, 0.620495, 4
350000, 13237, 3103, 0.6029596428571429, 4
375000, 10747, 3134, 0.5877623333333334, 4
400000, 11074, 2505, 0.5744646875, 4
425000, 8949, 3112, 0.5627314705882352, 4
450000, 8243, 3233, 0.7296038888888889, 3
475000, 9629, 3167, 0.7109405263157895, 3
500000, 8707, 3227, 0.6941435, 3
