HashSize, fillTime, checkTime, loadFactor, resizeCount
25000, 8028, 2282, 0.89892875, 7
50000, 7156, 2469, 0.89892875, 6
75000, 7849, 2285, 0.7659525, 6
100000, 7155, 2493, 0.89892875, 5
125000, 7955, 2278, 0.819143, 5
150000, 8026, 2696, 0.7659525, 5
175000, 8178, 2322, 0.9559185714285714, 4
200000, 7650, 2345, 0.89892875, 4
225000, 8034, 2301, 0.8546033333333334, 4
250000, 7567, 2276, 0.819143, 4
275000, 8750, 2256, 0.79013, 4
300000, 9006, 2977, 0.7659525, 4
325000, 8754, 3129, 0.9909892307692307, 3
350000, 7422, 2815, 0.9559185714285714, 3
375000, 8138, 2285, 0.925524, 3
400000, 8070, 2281, 0.89892875, 3
425000, 7381, 3194, 0.8754623529411765, 3
450000, 7266, 5255, 0.8546033333333334, 3
475000, 9776, 3113, 0.83594, 3
500000, 9910, 3113, 0.819143, 3
